236
104
2789
506
2401
1368
177
1686
3117
2890
490
2381
1698
321
1024
2683
3024
3927
172
2503
1901
453
988
1126
1705
404
693
3122
1399
2359
3571
2429
2463
2264
2935
769
3633
3112
2455
2654
1907
2945
940
3605
3267
1964
2192
2195
1795
2364
602
3696
2817
1590
726
427
1994
1420
3549
3393
3779
3024
1727
2147
1193
566
2916
730
3679
1275
3384
1490
124
228
999
3391
2192
3191
1490
3987
1460
2092
3587
181
3682
218
608
1581
1638
61
878
1321
3086
2605
3468
183
3172
2288
913
2755
3563
201
149
3688
430
1148
2983
2622
243
378
2514
1703
2470
2005
1885
2057
2223
2493
3638
3861
2555
420
1087
1545
3026
459
1728
2102
2748
2641
761
2215
2842
910
1807
3272
2058
695
1799
2301
1073
217
4005
3543
2222
1794
1504
350
191
1046
115
2746
1467
1202
195
397
1662
1923
2499
314
468
3260
2529
3311
74
241
2487
2132
936
190
337
2009
407
246
1456
2630
2040
2961
2980
2232
4007
3095
882
1378
202
1078
1775
1864
3001
178
2178
3470
3438
611
2685
3512
852
1076
1548
1788
1267
1886
3797
1674
2132
1158
208
77
23
3188
2309
4030
2188
3191
1313
2390
173
3088
158
3175
3267
2336
2549
2609
2947
1138
2026
3800
2214
3574
1492
3481
1364
1194
1060
3497
2352
