2367
2309
880
554
2664
1215
1000
873
1805
2502
3427
2977
748
3457
3660
1522
1580
1047
2589
840
2497
278
3835
276
2594
942
1743
2186
4036
1292
3401
3226
3601
186
3781
2170
1401
685
3043
3206
3187
2374
2087
3936
1735
1652
1362
3315
2699
3952
59
1100
134
3894
1376
2729
741
3120
819
681
316
124
3907
3917
310
3592
1991
1712
182
938
822
3369
3313
2910
3209
952
466
476
172
3165
332
231
170
466
30
1546
3195
771
570
4014
1452
886
43
1263
708
353
760
2699
2065
942
3638
2888
215
2855
1702
3425
3807
2168
3901
3979
1237
137
115
1407
603
145
2954
3799
916
3524
3717
2368
315
3760
3631
1023
18
295
3722
2083
1237
3264
875
1453
2023
2577
782
1735
649
587
1618
1887
724
1733
3294
1327
1878
2152
1030
2794
1581
652
1066
1896
316
602
2919
334
897
2545
2418
2135
1714
3293
3588
3737
1775
274
1376
2424
861
2995
215
1585
632
3510
2912
2511
1566
3943
1209
3147
499
2276
947
815
2878
3866
1150
3775
2316
3568
1814
4030
2765
1306
3671
444
1580
952
2869
2441
3947
3084
4026
483
2498
2843
2994
4065
2690
108
3116
3189
2384
4064
4004
1166
3834
1058
845
2054
530
2660
1988
3296
3966
1564
3740
1451
2516
2513
3892
2367
1502
3823
2850
4000
2570
1749
3969
1164
1857
2990
257
145
2958
165
1311
2696
1224
2156
655
1754
720
2643
954
591
111
599
2042
2627
3112
1838
898
518
1565
3749
423
39
1402
296
1203
3259
3286
1460
3404
2148
1626
619
749
2850
2775
1404
508
3496
4047
1463
4087
63
2062
2033
2690
1078
3871
3589
1597
1341
3242
2020
1380
548
2316
2584
3807
1507
4044
3115
3655
1574
3734
308
328
2413
1712
837
1813
1664
2300
1804
1727
266
3837
321
1344
3613
3910
2941
858
3056
865
2238
3604
3182
726
3315
593
675
2334
152
2249
1972
461
2578
290
2173
3415
2103
3837
1619
3908
1468
1885
3649
1790
3229
3166
1604
2075
4024
565
2940
2167
73
2026
2893
3389
2619
3568
1627
2772
1722
3600
3233
204
3890
1310
3619
1897
1052
1142
1709
2520
3027
1263
214
2160
333
1819
139
262
2384
3080
2429
2457
1010
1226
1750
3630
699
3378
2306
2421
2882
1443
2625
2676
2753
2148
477
3805
3290
2187
2230
2221
3450
2444
285
3783
167
425
4045
2551
3505
2378
913
419
3605
2663
4049
208
1945
2259
2629
731
3702
1158
3407
2360
3306
3885
2069
2500
1976
203
625
1330
2648
910
1017
2815
1335
967
1271
744
3345
2184
1164
2854
751
1117
3062
2697
3377
1595
3428
2983
2753
2740
1247
1963
2529
3317
367
409
3520
992
1739
2072
1903
2756
792
3238
3723
2063
3983
2973
151
1051
1731
902
2168
698
3599
1449
2293
2932
337
951
1576
1584
2914
9
805
3282
418
230
178
2157
2302
2081
817
3094
1224
445
1061
1111
3418
1212
2162
1053
2115
234
1751
1618
1684
4045
454
2021
900
2030
3605
3814
2039
315
3000
2457
545
3179
518
2847
1164
1336
1846
2388
1781
2907
3499
1103
24
1565
2156
2139
1800
3908
3757
3484
3857
116
1409
661
2146
918
379
90
1233
3380
2547
1778
2463
3066
530
3627
306
2376
1920
2087
1187
1323
3190
1211
2889
1250
3350
593
1062
3012
4077
823
3128
1390
1484
1178
2308
1864
1268
3542
1148
3816
1224
3611
2786
1754
3142
3092
34
966
1083
1222
2290
177
2433
1083
1427
1688
1676
2490
604
1657
3313
3732
3047
702
814
1259
2566
2083
705
3714
1803
1930
3229
493
3684
2275
3585
3719
3242
572
845
1436
749
3278
2519
2176
870
99
570
1474
1756
3884
1110
707
490
1925
1966
3056
4008
2672
2674
1715
506
1807
2208
94
4082
1697
3813
3228
2269
562
568
3018
3841
3087
1098
615
3186
1669
2090
846
1457
3200
1553
1947
1029
3520
907
941
2096
3581
2656
2602
1292
768
2696
1278
2465
2414
411
638
2976
979
3656
2721
4067
659
3337
3157
2328
1331
4004
3785
435
1461
1636
1465
885
2543
2406
2981
2028
967
1487
3320
1735
88
502
105
2502
913
743
1382
1893
304
8
1864
963
3345
925
3291
580
833
2980
1015
2295
520
2480
3180
3063
791
2066
995
1758
3553
219
3493
3641
721
3598
2047
1635
246
3430
3528
550
3438
1296
1513
2687
2221
708
3267
3055
3688
186
1254
112
2667
338
3175
3458
2404
74
1120
1862
293
517
1407
1014
20
3455
2649
266
2789
2081
816
2131
3377
2329
722
1503
3037
3989
462
2629
79
1716
2741
2746
2054
1820
2108
363
1894
3228
2225
2187
3746
3632
3201
3766
2991
1755
4032
1684
3836
752
3815
3118
3081
441
525
2022
334
987
555
414
2703
3296
3160
661
1020
1173
1024
2914
305
3249
1005
4051
2786
110
3721
1681
1865
3657
3366
1606
313
3085
628
3394
3527
1153
1320
3861
2140
1875
179
747
1075
3340
1408
2095
417
2433
913
722
1586
1918
678
276
2029
303
1958
3894
3961
1228
1404
178
217
2032
3573
3744
3185
797
3510
1229
2673
3689
1976
3748
2933
3385
1748
3350
1722
2661
4073
3308
484
655
3585
2513
958
1447
2311
823
2675
3716
1002
2892
1652
479
2541
742
1276
1955
1971
3949
1548
3948
3602
386
3237
1254
3736
863
3915
3713
75
303
272
3660
2816
1231
1011
1032
2054
3686
652
3056
2483
2304
3535
928
3046
716
2883
922
569
335
774
75
721
4011
1329
362
778
1149
4075
853
1452
252
418
173
1483
1429
1205
3537
1020
1857
2498
3503
65
1937
335
3112
2653
3218
4034
3223
3553
712
3298
179
627
532
541
1405
1681
520
2258
3133
772
2676
3306
2255
10
415
1697
1030
2272
99
437
2338
2036
772
1354
594
3990
1292
3817
3447
2004
3019
3626
2631
3551
71
4036
1136
592
2198
174
1364
779
3480
3620
789
3896
1221
1819
2072
1320
2256
314
3356
3028
1668
3950
2922
2960
3671
2273
868
2595
1804
3499
2050
1875
3439
3187
2467
1542
3361
3832
2321
2745
3356
3110
2545
481
833
522
1801
3089
836
1061
2021
2505
916
847
1369
491
3120
2238
3086
828
1641
1041
2704
985
132
1075
2527
3493
811
752
2142
71
3862
592
552
599
1114
2353
3688
1950
3415
1613
359
235
2460
1729
726
1484
3967
3813
2313
1512
758
921
2497
890
1996
928
287
2808
1680
2429
2879
1446
3021
3432
2045
39
1689
1637
1990
1008
3250
2349
1243
1614
4078
1970
3099
3949
1687
1316
1366
2445
2237
3863
3335
137
696
3622
2945
2376
1955
1729
3823
881
1065
1772
920
2754
3410
2910
3763
2564
1164
910
83
1146
2880
3182
1000
471
402
2366
2916
2639
2133
2155
2776
2829
1681
1626
1110
3637
3355
837
422
324
2609
1342
3078
1923
157
2745
392
1321
3656
475
2467
2440
3657
3467
2912
4059
1737
1732
2602
3871
3888
1282
2604
1473
2908
3714
1014
2167
455
1436
2491
3065
2779
1474
892
2936
123
1284
161
3779
1759
2628
2124
1320
2000
940
1283
3737
2672
3885
3512
2464
1072
2021
3938
3980
1639
856
2052
2095
2293
447
1064
976
1921
1956
3912
2045
3241
4073
1728
904
2605
3852
2225
509
696
3508
151
3369
3298
3663
1737
274
1588
1579
158
3228
2436
2210
1227
633
2658
2291
1609
483
151
1425
2528
3392
1402
161
201
4007
4013
2426
421
614
1838
572
3983
1040
139
1624
1314
1728
3204
1473
860
1544
3683
2087
2177
2245
282
3786
2729
433
1115
1161
3826
2517
1322
4027
2428
1240
2357
2849
1854
99
3421
1741
1140
3561
3365
2454
1193
2473
3927
2053
4017
3515
44
2098
1664
326
1788
297
759
2903
1459
489
1324
2781
420
3753
4021
2777
2506
1779
2877
1832
3520
4017
1297
2790
2375
2490
1167
2207
447
1089
1626
491
3187
3290
817
880
3588
1576
3783
951
2066
1012
3732
2486
669
3658
1168
3175
1341
4045
911
766
3966
2208
3556
2245
602
627
356
1049
1716
1982
1540
808
1177
2357
1688
669
3934
1375
1620
1904
2387
1256
294
3056
818
1462
2136
2160
1411
3047
2926
1281
1160
2386
3527
1762
3013
3883
2812
634
1770
256
1442
2947
2614
3130
3616
2452
409
1140
260
2797
2396
554
1757
3215
2017
3893
1279
3428
2845
109
614
4005
2495
45
1671
1412
3928
387
2046
1602
644
3488
453
3258
2522
4069
1614
2932
1113
1874
1633
3510
2428
3390
2629
349
3188
3908
3778
1937
4017
296
1846
2416
341
3517
3828
173
3905
1779
1776
453
1171
2229
3711
3694
2203
1229
2530
3316
3103
67
2730
1435
3457
1263
1785
2549
1075
1467
390
996
1763
2236
3412
2104
1658
3145
2277
1467
828
4053
1920
1999
2187
1535
1597
294
2764
31
3610
1771
98
2245
3206
3556
3508
895
2009
488
2362
2400
1484
29
540
801
2133
2198
3946
315
3665
678
272
1489
2677
2459
3024
179
2753
1692
210
2268
3463
309
417
2574
3865
3925
3469
1778
317
1736
82
1802
1765
623
2603
3899
2821
2453
118
2391
3131
390
3880
1712
2850
2809
1891
1507
405
2102
3775
3869
2411
96
2347
2180
4022
1720
3958
243
3456
4041
2045
1126
568
552
929
3389
3005
1047
1684
2040
1437
1469
3753
191
182
1548
1699
587
3650
1378
360
1965
1475
2707
49
1401
332
4008
1644
3788
3953
3690
818
425
146
1747
3814
3152
2794
1403
1096
136
2872
753
327
3054
2302
2026
3641
1856
3405
4002
3822
784
2613
3871
2185
2945
3783
3829
2638
3640
3423
3456
4065
3570
1108
3784
2626
3902
1091
3722
4038
3963
380
270
2921
2682
2296
2466
442
1605
2372
168
2389
890
4040
478
3835
3727
212
2377
3272
3635
1738
3241
3109
2846
2929
1639
2652
4020
1266
2595
3887
1646
2865
2712
232
1065
1083
674
2671
3455
843
964
249
787
1443
4085
418
1655
2366
3690
1194
8
2836
208
2854
1669
1847
1411
1594
3113
4006
1385
663
2775
2
895
3840
1085
1570
2415
444
2413
3380
694
3200
727
683
3618
2382
3049
3213
3576
3058
1953
3784
1816
3622
1536
3227
1120
553
3137
2506
1217
1816
2508
2112
1561
3593
3682
3976
4037
1999
3260
635
1103
3987
1318
626
2273
272
3839
1754
3330
1696
1442
1050
1222
2978
182
2343
3532
3319
753
653
1040
3261
2765
2601
2758
2352
2481
2699
255
1646
3335
1359
1537
557
1985
3811
829
1728
1469
63
3424
2911
1114
550
1794
1296
2893
1230
519
3646
1883
1559
2811
552
64
1473
2904
2546
77
3160
96
3412
423
1633
3969
2408
1348
703
40
2817
766
3464
1633
1880
4014
3427
3176
2812
561
3696
2362
2444
1159
1078
2996
1224
2551
1805
3770
2628
869
3866
1944
1292
1403
1818
3700
2752
2521
3740
1473
3287
3108
3106
1072
3026
2437
152
1742
2998
3848
9
1346
912
1087
247
2136
3638
2052
1810
2171
2921
1580
19
117
2983
1837
3817
1639
262
3461
3113
3550
2473
2123
526
1403
465
678
3146
3463
431
3155
714
1343
146
961
3479
3784
3013
1193
1859
1838
2773
1879
1955
1660
3716
1676
3300
3979
1041
2317
3433
3514
344
3959
821
809
541
3967
177
972
3026
891
2315
3172
1852
1698
2861
769
2891
624
2607
1568
2503
466
3229
2124
2142
2433
2007
3183
654
1344
2601
998
1207
3422
1808
1748
3294
1985
2721
2224
2876
940
1301
632
2639
66
1401
1434
690
4008
3003
3194
378
2136
1222
2520
473
3229
1607
1127
477
112
2125
1684
3534
3933
3432
2732
1822
2057
861
602
2998
2162
1234
1541
2228
2635
2975
2918
2547
1882
2016
2925
4018
3238
1349
395
2371
2956
1522
2848
3068
3648
436
2507
3485
3869
1143
1212
1830
2004
1814
732
70
3049
2273
2298
1588
1153
1121
40
3035
3137
2965
2958
2280
219
3353
555
3175
780
3404
2148
332
3840
559
3817
3613
1702
933
1348
3707
2748
2080
3777
1701
258
1980
3289
1411
3101
3329
350
2142
2199
3308
326
2418
2566
882
1497
3346
190
3645
3678
4030
108
3399
3548
1811
237
800
1422
2985
2880
1103
590
3138
3083
3879
453
2088
3113
804
135
1216
16
461
3634
2582
1343
1035
1832
1533
585
1414
1468
693
718
920
2504
955
1720
3926
3940
504
934
434
3643
4017
217
0
2010
3330
804
2145
450
821
2606
4084
3403
3950
1024
1140
1387
1609
2554
2855
2302
3272
3775
711
131
1399
541
4071
1904
1475
409
1451
1397
627
1451
3407
3957
2256
1456
312
3077
4062
300
2384
3916
1324
3524
1208
2933
1983
4063
1140
1159
3743
1851
1291
1046
2392
1266
2950
3868
1676
305
1169
2303
1757
480
2164
4013
1936
2476
2994
1902
2777
1282
1723
5
711
2931
2939
2694
2898
4079
3853
2545
1834
1048
3592
130
2315
2446
3998
3991
2752
1071
2198
413
1551
266
330
3487
2743
3324
1294
1424
510
3017
1429
1221
1852
272
3915
654
255
3673
3200
2089
625
2696
2220
2940
1046
2122
2835
3798
3194
937
115
649
1204
445
41
3947
3769
1335
1275
184
256
2704
1405
2108
2977
1225
2762
3232
802
1866
1226
1427
466
3446
272
1513
1472
3107
1215
570
4045
1331
1220
1153
1776
1261
1004
1450
2596
2279
1634
2852
887
3039
864
3864
168
3626
3001
970
1397
131
2398
1863
3577
2670
3376
953
1681
496
1524
1630
1827
2744
2783
3603
4005
3787
957
2505
1970
2591
1261
2858
1535
2125
2626
1703
1655
1531
2674
