1750
1607537278
374846900
605623372
837864884
965957923
124575828
948459437
1571132970
1050420756
1835962595
1416488488
674367433
129515085
683846378
102595461
427381338
335027205
965766511
374087511
1684384367
1765094177
2005852597
1066258668
444039075
930862927
1068479604
1689534708
927004009
634883984
1098140729
2006268618
94937615
1472987630
464408342
932802499
291461905
588984170
1881261936
1862594876
1639404926
1569740884
1131599716
166288711
1699255969
1815446095
268884172
2126637307
2989652
1234650683
353241171
1687374019
852261213
211610120
606149040
1296300288
1142473048
1674628644
838351348
2069477057
162028981
1936492078
1928262027
256966596
1261996060
245186721
1189769095
1553457965
834170891
923547383
1268569193
326092169
345804619
252685262
492380880
2045060589
2068131357
761265052
2024214248
2071121009
1995915735
229971771
1611011380
700693300
441581892
69676772
1996993589
1584054940
1744305417
687861289
1506048349
1906334398
476869719
1286826728
15817346
1738865779
1532013449
1205586441
1144840097
218700692
2129133824
265925642
544792861
327454796
518610904
1037173741
225031737
439258613
1798438793
101762337
362895974
1646870880
331734109
1973907355
200080533
773316001
2043584127
49590474
209887293
1640405896
737451763
1715935642
1399256646
1214321483
855278722
1415073992
805703614
239808523
473176785
1950543711
458509215
454826962
68985706
1003302076
782281758
587596610
2040475817
1007313495
1026855224
1691430962
1109075832
1389751198
1190818194
1440809941
1216174905
1390898727
66642294
1112275385
1440489201
276529587
605197633
30457317
1992465229
2004454280
1244778800
700260303
1272044624
2050482414
940068826
1745221410
1853542478
1398578041
52564724
1922528184
254396469
834846482
362641146
147388638
1842159977
1389496370
1838819600
803752161
631763921
882154147
97078455
1847938826
125569226
163720749
812730563
1566058428
440250337
1417928197
1596515745
285231918
1274898829
693810897
985492222
399459805
596809663
1925561048
2144681215
302868493
1176655442
49762291
77913029
1431051911
884608773
440554176
1578440550
579285102
1830050546
1269776502
1383037264
314330819
4447001
1480115719
14785998
130016228
1643836468
827516561
1696074656
2084086805
97961110
1145106753
221835076
1372859939
1838917650
1207327298
1772319745
288243665
985404698
1769517312
591112159
14576492
1819279604
669025188
1445628404
556404729
1109579364
876585306
1135689832
792146263
2146361808
371243448
1106477082
3325162
1851359167
1121263080
133341390
1347711987
1948779642
1829416046
1284315145
2046740752
827039151
1506150221
1272117044
518473153
565993871
896953141
806716818
1551398569
518986805
1397828977
1565975062
190782761
2066854166
864119818
747187491
1028949882
1740705124
1882877323
1821096145
1739583284
106637123
780089580
1742908446
1957996290
1901352660
1876249836
1158224629
1702648654
1558182234
295056126
1601905759
237737737
1801206347
726539155
756210890
219716570
1623492296
1562927709
1771115140
2142479101
813273038
1189606554
185778215
732643556
2053726372
932965706
1761593439
1646947848
668359381
1435205936
1239047484
774996504
67811868
834472283
585509146
1969164529
563238471
1743733775
1524329535
2121420706
2038789902
978751646
211674795
1692512601
1705290801
967885686
1912229172
1181299449
383329747
1535860664
1176294903
1196602785
577983570
1362073118
1929246342
484226294
147555176
1543356133
2131174142
815914557
831078421
1222737978
1590911061
898890290
2057210261
28936559
720571171
472965085
1772670334
97417058
446902143
1663976588
1076168705
658576938
1209005542
633975858
1626462624
973751066
1815275308
2009792371
362128082
844086563
1058911509
940111652
58676033
840674203
1424337946
206231209
236546688
1408028440
1022145766
1067625109
483282770
465573179
1966515399
393009384
494509738
539602922
865974469
119696424
637019981
1312876612
1783673013
1713188686
1971453550
845194907
199680896
1450432527
1818945973
2014956204
1312741250
33590407
711559119
224169111
973702059
770235152
1064843314
250556357
976466361
1301390002
1658584797
1998612127
221531464
2141867567
316701658
40563215
387393303
811211396
580166138
1253367772
930907821
1217186119
418760736
567097186
782891157
242730639
1412292093
982572053
1693163166
1083754418
850044610
858420768
1117344825
1561603729
1082589880
2091046884
184355234
2147433194
194119593
1160821595
1301339549
1852704390
1011950075
1522871013
1847088309
1328651733
1563434228
86997965
2139863130
2143600366
1340365737
923287303
1213302837
1759126474
1490384489
1996193994
2001857113
755192934
831282400
1547536631
1838947352
1681327010
258473751
808808529
1804289383
846930886
1681692777
1714636915
1957747793
424238335
719885386
1649760492
596516649
1189641421
1025202362
1350490027
783368690
1102520059
2044897763
1967513926
1365180540
1540383426
304089172
1303455736
35005211
521595368
294702567
1726956429
336465782
861021530
278722862
233665123
2145174067
468703135
1101513929
1801979802
1315634022
635723058
1369133069
1125898167
1059961393
2089018456
628175011
1656478042
1131176229
1653377373
859484421
1914544919
608413784
756898537
1734575198
1973594324
149798315
2038664370
1129566413
184803526
412776091
1424268980
1911759956
749241873
137806862
42999170
982906996
135497281
511702305
2084420925
1937477084
1827336327
572660336
1159126505
805750846
1632621729
1100661313
1433925857
1141616124
84353895
939819582
2001100545
1998898814
1548233367
610515434
1585990364
1374344043
760313750
1477171087
356426808
945117276
1889947178
1780695788
709393584
491705403
1918502651
752392754
1474612399
2053999932
1264095060
1411549676
1843993368
943947739
1984210012
855636226
1749698586
1469348094
1956297539
1036140795
463480570
2040651434
1975960378
317097467
1892066601
1376710097
927612902
1330573317
603570492
1687926652
660260756
959997301
485560280
402724286
593209441
1194953865
894429689
364228444
1947346619
221558440
270744729
1063958031
1633108117
2114738097
2007905771
1469834481
822890675
1610120709
791698927
631704567
498777856
1255179497
524872353
327254586
1572276965
269455306
1703964683
352406219
1600028624
160051528
2040332871
112805732
1120048829
378409503
515530019
1713258270
1573363368
1409959708
2077486715
1373226340
1631518149
200747796
289700723
1117142618
168002245
150122846
439493451
990892921
1760243555
1231192379
1622597488
111537764
338888228
2147469841
438792350
1911165193
269441500
2142757034
116087764
1869470124
155324914
8936987
1982275856
1275373743
387346491
350322227
841148365
1960709859
1760281936
771151432
1186452551
1244316437
971899228
1476153275
213975407
1139901474
1626276121
653468858
2130794395
1239036029
1884661237
1605908235
1350573793
76065818
1605894428
1789366143
1987231011
1875335928
1784639529
2103318776
1597322404
1939964443
2112255763
1432114613
1067854538
352118606
1782436840
1909002904
165344818
1395235128
532670688
1351797369
492067917
1504569917
680466996
706043324
496987743
159259470
1359512183
480298490
1398295499
1096689772
2086206725
601385644
1172755590
1544617505
243268139
1012502954
1272469786
2027907669
968338082
722308542
1820388464
933110197
6939507
740759355
1285228804
1789376348
502278611
1450573622
1037127828
1034949299
654887343
1529195746
392035568
1335354340
87755422
889023311
1494613810
1447267605
1369321801
745425661
396473730
1308044878
1346811305
1569229320
705178736
1590079444
434248626
1977648522
1470503465
1402586708
552473416
1143408282
188213258
559412924
1884167637
1473442062
201305624
238962600
776532036
1238433452
1273911899
1431419379
620145550
1665947468
619290071
707900973
407487131
2113903881
7684930
1776808933
711845894
404158660
937370163
2058657199
1973387981
1642548899
1501252996
260152959
1472713773
824272813
1662739668
2025187190
1967681095
1850952926
437116466
1704365084
1176911340
638422090
1943327684
1953443376
1876855542
1069755936
1237379107
349517445
588219756
1856669179
1057418418
995706887
1823089412
1065103348
625032172
387451659
1469262009
1562402336
298625210
1295166342
1057467587
1799878206
1555319301
382697713
476667372
1070575321
260401255
296864819
774044599
697517721
2001229904
1950955939
1335939811
1797073940
1756915667
1065311705
719346228
846811127
1414829150
1307565984
555996658
324763920
155789224
231602422
1389867269
780821396
619054081
711645630
195740084
917679292
2006811972
1253207672
570073850
1414647625
1635905385
1046741222
337739299
1896306640
1343606042
1111783898
446340713
1197352298
915256190
1782280524
846942590
524688209
700108581
1566288819
1371499336
2114937732
726371155
1927495994
292218004
882160379
11614769
1682085273
1662981776
630668850
246247255
1858721860
1548348142
105575579
964445884
2118421993
1520223205
452867621
1017679567
1857962504
201690613
213801961
822262754
648031326
1411154259
1737518944
282828202
110613202
114723506
982936784
1676902021
1486222842
950390868
255789528
1266235189
1242608872
1137949908
1277849958
777210498
653448036
1908518808
1023457753
364686248
1309383303
1129033333
1329132133
1280321648
501772890
1781999754
150517567
212251746
1983690368
364319529
1034514500
484238046
1775473788
624549797
767066249
1886086990
739273303
1750003033
1415505363
78012497
552910253
1671294892
1344247686
1795519125
661761152
474613996
425245975
1804289383
846930886
1681692777
1714636915
1957747793
424238335
719885386
1649760492
596516649
1189641421
1025202362
1350490027
783368690
1102520059
2044897763
1967513926
1365180540
1540383426
304089172
1303455736
35005211
521595368
294702567
1726956429
336465782
861021530
278722862
233665123
2145174067
468703135
1101513929
1801979802
1315634022
635723058
1369133069
1125898167
1059961393
2089018456
628175011
1656478042
1131176229
1653377373
859484421
1914544919
608413784
756898537
1734575198
1973594324
149798315
2038664370
1129566413
184803526
412776091
1424268980
1911759956
749241873
137806862
42999170
982906996
135497281
511702305
2084420925
1937477084
1827336327
572660336
1159126505
805750846
1632621729
1100661313
1433925857
1141616124
84353895
939819582
2001100545
1998898814
1548233367
610515434
1585990364
1374344043
760313750
1477171087
356426808
945117276
1889947178
1780695788
709393584
491705403
1918502651
752392754
1474612399
2053999932
1264095060
1411549676
1843993368
943947739
1984210012
855636226
1749698586
1469348094
1956297539
1036140795
463480570
2040651434
1975960378
317097467
1892066601
1376710097
927612902
1330573317
603570492
1687926652
660260756
959997301
485560280
402724286
593209441
1194953865
894429689
364228444
1947346619
221558440
270744729
1063958031
1633108117
2114738097
2007905771
1469834481
822890675
1610120709
791698927
631704567
498777856
1255179497
524872353
327254586
1572276965
269455306
1703964683
352406219
1600028624
160051528
2040332871
112805732
1120048829
378409503
515530019
1713258270
1573363368
1409959708
2077486715
1373226340
1631518149
200747796
289700723
1117142618
168002245
150122846
439493451
990892921
1760243555
1231192379
1622597488
111537764
338888228
2147469841
438792350
1911165193
269441500
2142757034
116087764
1869470124
155324914
8936987
1982275856
1275373743
387346491
350322227
841148365
1960709859
1760281936
771151432
1186452551
1244316437
971899228
1476153275
213975407
1139901474
1626276121
653468858
2130794395
1239036029
1884661237
1605908235
1350573793
76065818
1605894428
1789366143
1987231011
1875335928
1784639529
2103318776
1597322404
1939964443
2112255763
1432114613
1067854538
352118606
1782436840
1909002904
165344818
1395235128
532670688
1351797369
492067917
1504569917
680466996
706043324
496987743
159259470
1359512183
480298490
1398295499
1096689772
2086206725
601385644
1172755590
1544617505
243268139
1012502954
1272469786
2027907669
968338082
722308542
1820388464
933110197
6939507
740759355
1285228804
1789376348
502278611
1450573622
1037127828
1034949299
654887343
1529195746
392035568
1335354340
87755422
889023311
1494613810
1447267605
1369321801
745425661
396473730
1308044878
1346811305
1569229320
705178736
1590079444
434248626
1977648522
1470503465
1402586708
552473416
1143408282
188213258
559412924
1884167637
1473442062
201305624
238962600
776532036
1238433452
1273911899
1431419379
620145550
1665947468
619290071
707900973
407487131
2113903881
7684930
1776808933
711845894
404158660
937370163
2058657199
1973387981
1642548899
1501252996
260152959
1472713773
824272813
1662739668
2025187190
1967681095
1850952926
437116466
1704365084
1176911340
638422090
1943327684
1953443376
1876855542
1069755936
1237379107
349517445
588219756
1856669179
1057418418
995706887
1823089412
1065103348
625032172
387451659
1469262009
1562402336
298625210
1295166342
1057467587
1799878206
1555319301
382697713
476667372
1070575321
260401255
296864819
774044599
697517721
2001229904
1950955939
1335939811
1797073940
1756915667
1065311705
719346228
846811127
1414829150
1307565984
555996658
324763920
155789224
231602422
1389867269
780821396
619054081
711645630
195740084
917679292
2006811972
1253207672
570073850
1414647625
1635905385
1046741222
337739299
1896306640
1343606042
1111783898
446340713
1197352298
915256190
1782280524
846942590
524688209
700108581
1566288819
1371499336
2114937732
726371155
1927495994
292218004
882160379
11614769
1682085273
1662981776
630668850
246247255
1858721860
1548348142
105575579
964445884
2118421993
1520223205
452867621
1017679567
1857962504
201690613
213801961
822262754
648031326
1411154259
1737518944
282828202
110613202
114723506
982936784
1676902021
1486222842
950390868
255789528
1266235189
1242608872
1137949908
1277849958
777210498
653448036
1908518808
1023457753
364686248
1309383303
1129033333
1329132133
1280321648
501772890
1781999754
150517567
212251746
1983690368
364319529
1034514500
484238046
1775473788
624549797
767066249
1886086990
739273303
1750003033
1415505363
78012497
552910253
1671294892
1344247686
1795519125
661761152
474613996
425245975
1804289383
846930886
1681692777
1714636915
1957747793
424238335
719885386
1649760492
596516649
1189641421
1025202362
1350490027
783368690
1102520059
2044897763
1967513926
1365180540
1540383426
304089172
1303455736
35005211
521595368
294702567
1726956429
336465782
861021530
278722862
233665123
2145174067
468703135
1101513929
1801979802
1315634022
635723058
1369133069
1125898167
1059961393
2089018456
628175011
1656478042
1131176229
1653377373
859484421
1914544919
608413784
756898537
1734575198
1973594324
149798315
2038664370
1129566413
184803526
412776091
1424268980
1911759956
749241873
137806862
42999170
982906996
135497281
511702305
2084420925
1937477084
1827336327
572660336
1159126505
805750846
1632621729
1100661313
1433925857
1141616124
84353895
939819582
2001100545
1998898814
1548233367
610515434
1585990364
1374344043
760313750
1477171087
356426808
945117276
1889947178
1780695788
709393584
491705403
1918502651
752392754
1474612399
2053999932
1264095060
1411549676
1843993368
943947739
1984210012
855636226
1749698586
1469348094
1956297539
1036140795
463480570
2040651434
1975960378
317097467
1892066601
1376710097
927612902
1330573317
603570492
1687926652
660260756
959997301
485560280
402724286
593209441
1194953865
894429689
364228444
1947346619
221558440
270744729
1063958031
1633108117
2114738097
2007905771
1469834481
822890675
1610120709
791698927
631704567
498777856
1255179497
524872353
327254586
1572276965
269455306
1703964683
352406219
1600028624
160051528
2040332871
112805732
1120048829
378409503
515530019
1713258270
1573363368
1409959708
2077486715
1373226340
1631518149
200747796
289700723
1117142618
168002245
150122846
439493451
990892921
1760243555
1231192379
1622597488
111537764
338888228
2147469841
438792350
1911165193
269441500
2142757034
116087764
1869470124
155324914
8936987
1982275856
1275373743
387346491
350322227
841148365
1960709859
1760281936
771151432
1186452551
1244316437
971899228
1476153275
213975407
1139901474
1626276121
653468858
2130794395
1239036029
1884661237
1605908235
1350573793
76065818
1605894428
1789366143
1987231011
1875335928
1784639529
2103318776
1597322404
1939964443
2112255763
1432114613
1067854538
352118606
1782436840
1909002904
165344818
1395235128
532670688
1351797369
492067917
1504569917
680466996
706043324
496987743
159259470
1359512183
480298490
1398295499
1096689772
2086206725
601385644
1172755590
1544617505
243268139
1012502954
1272469786
2027907669
968338082
722308542
1820388464
933110197
6939507
740759355
1285228804
1789376348
502278611
1450573622
1037127828
1034949299
654887343
1529195746
392035568
1335354340
87755422
889023311
1494613810
1447267605
1369321801
745425661
396473730
1308044878
1346811305
1569229320
705178736
1590079444
434248626
1977648522
1470503465
1402586708
552473416
1143408282
188213258
559412924
1884167637
1473442062
201305624
238962600
776532036
1238433452
1273911899
1431419379
620145550
1665947468
619290071
707900973
407487131
2113903881
7684930
1776808933
711845894
404158660
937370163
2058657199
1973387981
1642548899
1501252996
260152959
1472713773
824272813
1662739668
2025187190
1967681095
1850952926
437116466
1704365084
1176911340
638422090
1943327684
1953443376
1876855542
1069755936
1237379107
349517445
588219756
1856669179
1057418418
995706887
1823089412
1065103348
625032172
387451659
1469262009
1562402336
298625210
1295166342
1057467587
1799878206
1555319301
382697713
476667372
1070575321
260401255
296864819
774044599
697517721
2001229904
1950955939
1335939811
1797073940
1756915667
1065311705
719346228
846811127
1414829150
1307565984
555996658
324763920
155789224
231602422
1389867269
780821396
619054081
711645630
195740084
917679292
2006811972
1253207672
570073850
1414647625
1635905385
1046741222
337739299
1896306640
1343606042
1111783898
446340713
1197352298
915256190
1782280524
846942590
524688209
700108581
1566288819
1371499336
2114937732
726371155
1927495994
292218004
882160379
11614769
1682085273
1662981776
630668850
246247255
1858721860
1548348142
105575579
964445884
2118421993
1520223205
452867621
1017679567
1857962504
201690613
213801961
822262754
648031326
1411154259
1737518944
282828202
110613202
114723506
982936784
1676902021
1486222842
950390868
255789528
1266235189
1242608872
1137949908
1277849958
777210498
653448036
1908518808
1023457753
364686248
1309383303
1129033333
1329132133
1280321648
501772890
1781999754
150517567
212251746
1983690368
364319529
1034514500
484238046
1775473788
624549797
767066249
1886086990
739273303
1750003033
1415505363
78012497
552910253
1671294892
1344247686
1795519125
661761152
474613996
425245975
1095447091
1341063631
