722
566064912
1754406834
1975961446
473716696
1335539726
1200674757
197159370
1167764406
670359482
1466018533
944777031
379800389
1896485603
548081260
92979376
49236748
553572008
832221002
152600363
320697694
442315017
2117606265
437865982
1711559003
182918113
155500456
1409197044
882913837
114175169
779364410
747922616
680240081
386287596
576400414
1153956777
1721827322
1777075172
1351116147
742108081
299951006
669651032
1686885112
679751395
418652987
87482724
772730771
467889736
641054732
1604951773
620490099
961752426
2047266791
590612716
1399618409
1611342146
773530829
1555118865
873055542
1656444666
1669294034
1652419952
256883635
202050467
2038707548
833284049
1356007244
1613051223
462875573
559639743
207675656
762826580
1229290776
1894560768
1442577975
1647943763
1982043492
67825099
2115833499
475614576
1672776872
588839950
1437367003
1572560015
1179452667
689501764
1036418513
1952983496
97136981
1909474056
1461944515
1766431015
1414410360
1718828150
1968481482
1305634261
404628551
1177005078
771201836
867504125
1736644821
978877492
1630330705
818451949
725954612
925425032
318912065
560514456
993250131
287261916
1036129032
518543356
876101867
326012387
2091103371
2055554534
1015514151
980038237
1861054382
1112651132
742028645
1175515249
731598499
8955357
746859751
552596333
1314589618
1151488303
1729601411
2085791454
2018992428
1318762585
917185298
1501839485
2137214534
1643139910
279780869
308642951
56170718
1273031001
595904868
1092299751
1791574357
1472006735
1418312138
1735194080
1380077621
286342642
567748669
1093648355
1398993774
1309777314
121679957
2130592274
1318732672
868539708
535704959
485838642
2020028011
117822723
424146449
1891536791
1436585308
1341331747
1245892628
1426316194
836988010
1525673498
1734959146
893158728
651220851
183380366
1985458479
295311560
1655387101
1256286970
2030505640
887981074
1542629612
450770662
1981629429
1804289383
846930886
1681692777
1714636915
1957747793
424238335
719885386
1649760492
596516649
1189641421
1025202362
1350490027
783368690
1102520059
2044897763
1967513926
1365180540
1540383426
304089172
1303455736
35005211
521595368
294702567
1726956429
336465782
861021530
278722862
233665123
2145174067
468703135
1101513929
1801979802
1315634022
635723058
1369133069
1125898167
1059961393
2089018456
628175011
1656478042
1131176229
1653377373
859484421
1914544919
608413784
756898537
1734575198
1973594324
149798315
2038664370
1129566413
184803526
412776091
1424268980
1911759956
749241873
137806862
42999170
982906996
135497281
511702305
2084420925
1937477084
1827336327
572660336
1159126505
805750846
1632621729
1100661313
1433925857
1141616124
84353895
939819582
2001100545
1998898814
1548233367
610515434
1585990364
1374344043
760313750
1477171087
356426808
945117276
1889947178
1780695788
709393584
491705403
1918502651
752392754
1474612399
2053999932
1264095060
1411549676
1843993368
943947739
1984210012
855636226
1749698586
1469348094
1956297539
1036140795
463480570
2040651434
1975960378
317097467
1892066601
1376710097
927612902
1330573317
603570492
1687926652
660260756
959997301
485560280
402724286
593209441
1194953865
894429689
364228444
1947346619
221558440
270744729
1063958031
1633108117
2114738097
2007905771
1469834481
822890675
1610120709
791698927
631704567
498777856
1255179497
524872353
327254586
1572276965
269455306
1703964683
352406219
1600028624
160051528
2040332871
112805732
1120048829
378409503
515530019
1713258270
1573363368
1409959708
2077486715
1373226340
1631518149
200747796
289700723
1117142618
168002245
150122846
439493451
990892921
1760243555
1231192379
1622597488
111537764
338888228
2147469841
438792350
1911165193
269441500
2142757034
116087764
1869470124
155324914
8936987
1982275856
1275373743
387346491
350322227
841148365
1960709859
1760281936
1804289383
846930886
1681692777
1714636915
1957747793
424238335
719885386
1649760492
596516649
1189641421
1025202362
1350490027
783368690
1102520059
2044897763
1967513926
1365180540
1540383426
304089172
1303455736
35005211
521595368
294702567
1726956429
336465782
861021530
278722862
233665123
2145174067
468703135
1101513929
1801979802
1315634022
635723058
1369133069
1125898167
1059961393
2089018456
628175011
1656478042
1131176229
1653377373
859484421
1914544919
608413784
756898537
1734575198
1973594324
149798315
2038664370
1129566413
184803526
412776091
1424268980
1911759956
749241873
137806862
42999170
982906996
135497281
511702305
2084420925
1937477084
1827336327
572660336
1159126505
805750846
1632621729
1100661313
1433925857
1141616124
84353895
939819582
2001100545
1998898814
1548233367
610515434
1585990364
1374344043
760313750
1477171087
356426808
945117276
1889947178
1780695788
709393584
491705403
1918502651
752392754
1474612399
2053999932
1264095060
1411549676
1843993368
943947739
1984210012
855636226
1749698586
1469348094
1956297539
1036140795
463480570
2040651434
1975960378
317097467
1892066601
1376710097
927612902
1330573317
603570492
1687926652
660260756
959997301
485560280
402724286
593209441
1194953865
894429689
364228444
1947346619
221558440
270744729
1063958031
1633108117
2114738097
2007905771
1469834481
822890675
1610120709
791698927
631704567
498777856
1255179497
524872353
327254586
1572276965
269455306
1703964683
352406219
1600028624
160051528
2040332871
112805732
1120048829
378409503
515530019
1713258270
1573363368
1409959708
2077486715
1373226340
1631518149
200747796
289700723
1117142618
168002245
150122846
439493451
990892921
1760243555
1231192379
1622597488
111537764
338888228
2147469841
438792350
1911165193
269441500
2142757034
116087764
1869470124
155324914
8936987
1982275856
1275373743
387346491
350322227
841148365
1960709859
1760281936
1804289383
846930886
1681692777
1714636915
1957747793
424238335
719885386
1649760492
596516649
1189641421
1025202362
1350490027
783368690
1102520059
2044897763
1967513926
1365180540
1540383426
304089172
1303455736
35005211
521595368
294702567
1726956429
336465782
861021530
278722862
233665123
2145174067
468703135
1101513929
1801979802
1315634022
635723058
1369133069
1125898167
1059961393
2089018456
628175011
1656478042
1131176229
1653377373
859484421
1914544919
608413784
756898537
1734575198
1973594324
149798315
2038664370
1129566413
184803526
412776091
1424268980
1911759956
749241873
137806862
42999170
982906996
135497281
511702305
2084420925
1937477084
1827336327
572660336
1159126505
805750846
1632621729
1100661313
1433925857
1141616124
84353895
939819582
2001100545
1998898814
1548233367
610515434
1585990364
1374344043
760313750
1477171087
356426808
945117276
1889947178
1780695788
709393584
491705403
1918502651
752392754
1474612399
2053999932
1264095060
1411549676
1843993368
943947739
1984210012
855636226
1749698586
1469348094
1956297539
1036140795
463480570
2040651434
1975960378
317097467
1892066601
1376710097
927612902
1330573317
603570492
1687926652
660260756
959997301
485560280
402724286
593209441
1194953865
894429689
364228444
1947346619
221558440
270744729
1063958031
1633108117
2114738097
2007905771
1469834481
822890675
1610120709
791698927
631704567
498777856
1255179497
524872353
327254586
1572276965
269455306
1703964683
352406219
1600028624
160051528
2040332871
112805732
1120048829
378409503
515530019
1713258270
1573363368
1409959708
2077486715
1373226340
1631518149
200747796
289700723
1117142618
168002245
150122846
439493451
990892921
1760243555
1231192379
1622597488
111537764
338888228
2147469841
438792350
1911165193
269441500
2142757034
116087764
1869470124
155324914
8936987
1982275856
1275373743
387346491
350322227
841148365
1960709859
1760281936
794139738
1760547976
