100
392968529
162883074
960512823
1210974549
1425981253
1554339274
1297879294
1050517386
487781965
645423209
172508266
1564474099
1091603445
186186656
421796089
486438616
1226641708
283796013
2111573851
621624403
1681413784
153973936
730277694
689349872
1965158819
2110633304
648870543
1307705218
808966159
912165598
1524069503
1201934688
1075048673
337098678
265425589
353546278
1891437952
1563304883
1404063664
231736270
61244444
1576571930
1796210369
1152847889
1762758586
70522810
1639286505
841916647
354318823
1603376708
1463541050
2035732607
1757350645
46335096
577598831
1575025816
9484752
1226469374
735247386
818450911
2138634972
111833241
2020385600
1066199997
448931920
138327541
1419746275
192886224
1701632425
676326291
424622494
1762876869
105414573
73349215
768241111
1868173160
143872025
260043968
562606159
498190848
1863420677
2026147209
386439807
1473287674
2072482305
964038638
900829842
2081967057
43024364
1636077229
752934320
34175689
1747910470
625836272
1100375686
49358742
764163814
372638314
242244967
318312591
